16  16  16
16  16  16
16  16  16
16  16  16
16  16  16
16  16  16
16  16  16
16  16  16
16  16  16
16  16  16
16  16  16
16  16  16
16  16  16
16  16  16
16  16  16
239  239  0
239  239  0
206  165  0
206  165  0
206  165  0
206  165  0
173  99  0
173  99  0
173  99  0
173  99  0
16  16  16
16  16  16
16  16  16
16  16  16
16  16  16
16  16  16
16  16  16
16  16  16
16  16  16
16  16  16
16  16  16
16  16  16
16  16  16
16  16  16
16  16  16
16  16  16
16  16  16
16  16  16
16  16  16
16  16  16
16  16  16
16  16  16
16  16  16
16  16  16
239  239  0
239  239  0
206  165  0
206  165  0
206  165  0
206  165  0
173  99  0
173  99  0
173  99  0
173  99  0
16  16  16
16  16  16
16  16  16
16  16  16
16  16  16
16  16  16
16  16  16
16  16  16
16  16  16
16  16  16
16  16  16
16  16  16
16  16  16
16  16  16
16  16  16
16  16  16
16  16  16
16  16  16
16  16  16
16  16  16
16  16  16
16  16  16
16  16  16
16  16  16
239  239  0
239  239  0
239  239  0
239  239  0
206  165  0
206  165  0
173  99  0
173  99  0
173  99  0
173  99  0
16  16  16
16  16  16
16  16  16
16  16  16
16  16  16
16  16  16
54  54  54
54  54  54
16  16  16
16  16  16
16  16  16
16  16  16
16  16  16
16  16  16
16  16  16
16  16  16
16  16  16
16  16  16
16  16  16
16  16  16
239  239  0
239  239  0
239  239  0
239  239  0
206  165  0
206  165  0
173  99  0
173  99  0
173  99  0
173  99  0
16  16  16
16  16  16
16  16  16
16  16  16
16  16  16
16  16  16
54  54  54
54  54  54
16  16  16
16  16  16
16  16  16
16  16  16
16  16  16
16  16  16
16  16  16
16  16  16
16  16  16
16  16  16
16  16  16
16  16  16
239  239  0
239  239  0
206  165  0
206  165  0
173  99  0
173  99  0
173  99  0
173  99  0
16  16  16
16  16  16
239  239  0
239  239  0
206  165  0
206  165  0
173  99  0
173  99  0
173  99  0
173  99  0
16  16  16
16  16  16
189  189  189
189  189  189
239  239  0
239  239  0
173  99  0
173  99  0
173  99  0
173  99  0
16  16  16
16  16  16
189  189  189
189  189  189
239  239  0
239  239  0
173  99  0
173  99  0
173  99  0
173  99  0
16  16  16
16  16  16
16  16  16
16  16  16
206  165  0
206  165  0
173  99  0
173  99  0
16  16  16
16  16  16
16  16  16
16  16  16
206  165  0
206  165  0
173  99  0
173  99  0
16  16  16
16  16  16
